001

START
                                                                         
T001;0;0;0;0;0;0;0;0;0;0;0;0;0;0;0;0;0;0;0;0;0;0;0;0;0;0;0;0;0;0;0;0;0;0;0;0;0;0
;0;0;0;0;0;0;0;0;0;0;0;0;0;0;0;0;0;0;0;0;0;0;0;0;0;0;0;0;0;0;0;0;0;0;0;0;0;0;0;0
;0;0;0;0;0;0;0;0;0;0;0;0;0;0;0;0;0;0;0;0;0;0;0;0;0;0;0;0;0;0;0;0;0;0;0;0;0;0;0;0
;0;0;0;0;0;0;0;0;0;0;0;0;0;0;0;0;0;0;0;0;0;0;0;0;0;0;0;0;0;0;0;0;0;0;0;0;0;0;0;0
;0;0;0;0;0;0;0;0;0;0;0;0;0;0;0;0;0;0;0;0;0;0;0;0;0;0;0;0;0;0;0;0;0;0;0;0;0;0;0;0
;0;0;0;0;0;0;0;0;0;0;0;0;0;0;0;0;0;0;0;0;0;0;0;0;0;0;0;0;0;0;0;0;0;0;0;0;0;0;0;0
;0;0;0;0;0;0;0;0;0;0;0;0;0;0;0;0;0;0; 


002

START
                                                                         
T002;1;2;3;4;5;6;1;2;3;4;5;6;1;2;3;4;5;6;1;2;3;4;5;6;1;2;3;4;5;6;1;2;3;4;5;6;1;2
;3;4;5;6;1;2;3;4;5;6;1;2;3;4;5;6;1;2;3;4;5;6;1;2;3;4;5;6;1;2;3;4;5;6;1;2;3;4;5;6
;1;2;3;4;5;6;1;2;3;4;5;6;1;2;3;4;5;6;1;2;3;4;5;6;1;2;3;4;5;6;1;2;3;4;5;6;1;2;3;4
;5;6;1;2;3;4;5;6;1;2;3;4;5;6;1;2;3;4;5;6;1;2;3;4;5;6;1;2;3;4;5;6;1;2;3;4;5;6;1;2
;3;4;5;6;1;2;3;4;5;6;1;2;3;4;5;6;1;2;3;4;5;6;1;2;3;4;5;6;1;2;3;4;5;6;1;2;3;4;5;6
;1;2;3;4;5;6;1;2;3;4;5;6;1;2;3;4;5;6;1;2;3;4;5;6;1;2;3;4;5;6;1;2;3;4;5;6;1;2;3;4
;5;6;1;2;3;4;5;6;1;2;3;4;5;6;1;2;3;4;



003

START
                                                                         
T003;1;2;3;4;5;6;1;2;3;4;5;6;1;2;3;4;5;6;1;2;3;4;5;6;1;2;3;4;5;6;1;2;3;4;5;6;1;2
;3;5;6;1;2;3;4;5;6;1;2;3;4;5;6;1;2;3;4;5;6;1;2;3;4;5;6;1;2;3;4;5;6;1;2;3;4;5;6;2
;3;4;5;6;1;2;3;4;5;6;1;2;3;4;5;6;1;2;3;4;5;6;1;2;3;4;5;6;1;2;3;4;5;6;1;2;3;4;5;6
;1;2;3;5;6;1;2;3;4;5;6;1;2;3;4;5;6;1;2;3;4;5;6;1;2;3;4;5;6;1;2;3;4;5;6;1;2;3;4;5
;6;1;2;3;4;5;1;2;3;4;5;6;1;2;3;4;5;6;1;2;3;4;5;6;1;2;3;4;5;6;1;2;3;4;5;6;1;2;3;4
;5;6;1;2;3;4;5;6;1;2;4;5;6;1;2;3;4;5;6;1;2;3;4;5;6;1;2;3;4;5;6;1;2;3;4;5;6;1;2;3
;4;5;6;1;2;3;4;5;6;1;2;3;4;5;1;2;3;4;


004

START
                                                                         
T004;1;2;3;4;5;6;1;2;3;4;5;6;1;2;3;4;5;6;1;2;3;4;5;6;1;2;3;4;5;6;1;2;3;4;5;6;1;2
;3;4;5;6;1;2;3;4;5;6;1;2;3;4;5;6;1;2;3;4;5;6;1;2;3;4;5;6;1;2;3;4;5;6;1;2;3;4;5;6
;1;2;3;4;5;6;1;2;3;4;5;6;1;2;3;4;5;6;1;2;3;4;5;6;1;2;3;4;5;6;1;2;3;4;5;6;1;2;3;4
;5;6;1;2;3;4;5;6;1;2;3;4;5;6;1;2;3;4;5;6;1;2;3;4;5;6;1;2;3;4;5;6;1;2;3;4;5;6;1;2
;3;4;5;6;1;2;3;4;5;6;1;2;3;4;5;6;1;2;3;4;5;6;1;2;3;4;5;6;1;2;3;4;5;6;1;2;3;4;5;6
;1;2;3;4;5;6;1;2;3;4;5;6;1;2;3;4;5;6;1;2;3;4;5;6;1;2;3;4;5;6;1;2;3;4;5;6;1;2;3;4
;5;6;1;2;3;4;5;6;1;2;3;4;5;6;1;2;3;4;


005

START
                                                                         
T005;1;7;7;7;7;7;7;7;7;7;7;7;7;7;7;7;7;7;7;7;7;7;7;7;7;7;7;7;7;7;7;7;7;7;7;7;7;7
;7;7;2;7;7;7;7;7;7;7;7;7;7;7;7;7;7;7;7;7;7;7;7;7;7;7;7;7;7;7;7;7;7;7;7;7;7;7;7;7
;7;7;7;7;7;7;7;7;1;7;7;7;7;7;7;7;7;7;7;7;7;7;7;7;7;7;7;7;7;7;7;7;7;7;7;7;7;7;7;7
;7;7;7;7;7;7;7;7;7;7;7;7;7;7;2;7;7;7;7;7;7;7;7;7;7;7;7;7;7;7;7;7;7;7;7;7;7;7;7;7
;7;7;7;7;7;7;7;7;7;7;7;7;7;7;7;7;7;7;7;7;1;7;7;7;7;7;7;7;7;7;7;7;7;7;7;7;7;7;7;7
;7;7;7;7;7;7;7;7;7;7;7;7;7;7;7;7;7;7;7;7;7;7;7;7;7;7;2;7;7;7;7;7;7;7;7;7;7;7;7;7
;7;7;7;7;7;7;7;7;7;7;7;7;7;7;7;7;7;7;


006

START
                                                                         
T006;1;3;2;1;3;2;1;3;2;1;3;2;1;3;2;1;3;2;1;3;2;1;3;2;1;3;2;1;3;2;1;3;2;1;3;2;1;3
;2;1;3;2;1;3;2;1;3;2;1;3;2;1;3;2;1;3;2;1;3;2;1;3;2;1;3;2;1;3;2;1;3;2;1;3;2;1;3;2
;1;3;2;1;3;2;1;3;2;1;3;2;1;3;2;1;3;2;1;3;2;1;3;2;1;3;2;1;3;2;1;3;2;1;3;2;1;3;2;1
;3;2;1;3;2;1;3;2;1;3;2;1;3;2;1;3;2;1;3;2;1;3;2;1;3;2;1;3;2;1;3;2;1;3;2;1;3;2;1;3
;2;1;3;2;1;3;2;1;3;2;1;3;2;1;3;2;1;3;2;1;3;2;1;3;2;1;3;2;1;3;2;1;3;2;1;3;2;1;3;2
;1;3;2;1;3;2;1;3;2;1;3;2;1;3;2;1;3;2;1;3;2;1;3;2;1;3;2;1;3;2;1;3;2;1;3;2;1;3;2;1
;3;2;1;3;2;1;3;2;1;3;2;1;3;2;1;3;2;1;


007

START
                                                                         
T007;10;20;3;11;21;10;20;3;11;21;10;20;3;11;21;10;20;3;11;21;10;20;3;11;21;10;20
;3;11;21;10;20;3;11;21;10;20;3;11;21;10;20;3;11;21;10;20;3;11;21;10;20;3;11;21;1
0;20;3;11;21;10;20;3;11;21;10;20;3;11;21;10;20;3;11;21;10;20;3;11;21;10;20;3;11;
21;10;20;3;11;21;10;20;3;11;21;10;20;3;11;21;10;20;3;11;21;10;20;3;11;21;10;20;3
;11;21;10;20;3;11;21;10;20;3;11;21;10;20;3;11;21;10;20;3;11;21;10;20;3;11;21;10;
20;3;11;21;10;20;3;11;21;10;20;3;11;21;10;20;3;11;21;10;20;3;11;21;10;20;3;11;21
;10;20;3;11;21;10;20;3;11;21;10;20;3;11;21;10;20;3;11;21;10;20;3;11;21;10;20;3;1
1;21;10;20;3;11;21;10;20;3;11;21;10;20;3;11;21;10;20;3;11;21;10;20;3;11;21;10;20
;3;11;21;10;20;3;11;21;10;20;3;11;21;10;20;3;11;21;10;20;3;11;21;10;20;3;11;21;1
0; 


008

START
                                                                         
T008;10;20;3;11;10;3;21;20;3;11;10;3;21;20;3;11;10;3;21;20;3;11;10;3;21;20;3;11;
10;3;21;20;3;11;10;3;21;20;3;11;10;3;21;20;3;11;10;3;21;20;3;11;10;3;21;20;3;11;
10;3;21;20;3;11;10;3;21;20;3;11;10;3;21;20;3;11;10;3;21;20;3;11;10;3;21;20;3;11;
10;3;21;20;3;11;10;3;21;20;3;11;10;3;21;20;3;11;10;3;21;20;3;11;10;3;21;20;3;11;
10;3;21;20;3;11;10;3;21;20;3;11;10;3;21;20;3;11;10;3;21;20;3;11;10;3;21;20;3;11;
10;3;21;20;3;11;10;3;21;20;3;11;10;3;21;20;3;11;10;3;21;20;3;11;10;3;21;20;3;11;
10;3;21;20;3;11;10;3;21;20;3;11;10;3;21;20;3;11;10;3;21;20;3;11;10;3;21;20;3;11;
10;3;21;20;3;11;10;3;21;20;3;11;10;3;21;20;3;11;10;3;21;20;3;11;10;3;21;20;3;11;
10;3;21;20;3;11;10;3;21;20;3;11;10;3;21;20;3;11;


009

START
                                                                         
T009;10;20;11;10;21;20;11;10;21;20;11;10;21;20;11;10;21;20;11;10;21;20;11;10;21;
20;11;10;21;20;11;10;21;20;11;10;21;20;11;10;21;20;11;10;21;20;11;10;21;20;11;10
;21;20;11;10;21;20;11;10;21;20;11;10;21;20;11;10;21;20;11;10;21;20;11;10;21;20;1
1;10;21;20;11;10;21;20;11;10;21;20;11;10;21;20;11;10;21;20;11;10;21;20;11;10;21;
20;11;10;21;20;11;10;21;20;11;10;21;20;11;10;21;20;11;10;21;20;11;10;21;20;11;10
;21;20;11;10;21;20;11;10;21;20;11;10;21;20;11;10;21;20;11;10;21;20;11;10;21;20;1
1;10;21;20;11;10;21;20;11;10;21;20;11;10;21;20;11;10;21;20;11;10;21;20;11;10;21;
20;11;10;21;20;11;10;21;20;11;10;21;20;11;10;21;20;11;10;21;20;11;10;21;20;11;10
;21;20;11;10;21;20;11;10;21;20;11;10;21;20;11;10;21;20;11;10;21;20;11;10;21;20;1
1;10;21;20;11;10;21;20;11;10;21;20;11;10;21;20;11;10; 


010

START
                                                                         
T010;2;10;201;201;201;201;201;201;201;201;201;201;201;201;201;201;201;201;201;20
1;201;201;201;201;201;201;201;201;201;201;201;201;201;201;201;201;201;201;201;20
1;201;201;201;201;201;201;201;201;201;201;201;201;201;201;201;201;201;201;201;20
1;201;201;201;201;201;201;201;201;201;201;201;201;201;201;201;201;201;201;201;20
1;201;201;201;201;3;201;11;201;10;201;201;201;201;201;201;201;201;201;201;201;20
1;201;201;201;201;201;201;201;201;201;201;201;201;201;201;201;201;201;201;201;20
1;201;201;201;201;201;201;201;201;2;201;202;11;201;202;10;201;202;201;202;201;20
2;201;202;201;202;201;202;201;202;201;202;201;202;201;202;201;202;201;202;201;20
2;201;202;201;202;201;202;201;202;201;202;201;201;202;201;202;201;202;201;202;20
1;202;201;202;201;202;201;202;201;202;201;202;201;202;201;202;201;202;201;202;20
1;202;201;202;201;202;201;202;201;202;201;202;201;202;201;202;201;202;3;202;201;
11;202;201;10;202;201;202;201;202;201;202;201;202;201;202;201;202;201;202;201;20
2;2;


011

START
                                                                         
T011;3062;999;892;1011;892;1011;892;1011;892;892;1011;892;1023;892;892;892;892;8
92;892;892;892;892;892;892;892;892;892;892;892;892;892;892;892;892;892;892;892;8
92;892;1700;884;892;892;892;892;892;892;892;892;892;892;892;892;892;892;892;892;
892;892;892;892;892;892;892;892;892;892;892;892;892;892;892;892;892;892;892;892;
892;892;892;892;892;892;1700;884;892;892;892;892;892;892;892;892;892;892;892;892
;892;892;892;892;892;892;892;892;892;892;892;892;892;892;892;892;892;892;892;892
;892;892;892;892;892;892;892;892;892;892;1700;884;892;892;892;892;892;892;892;89
2;892;892;892;892;892;892;892;892;892;892;892;892;892;892;892;892;892;892;892;89
2;892;892;892;892;892;892;892;892;892;892;892;892;892;892;1700;884;892;892;892;8
92;892;892;892;892;892;892;892;892;892;892;892;892;892;892;892;892;892;892;892;8
92;892;892;892;892;892;892;892;892;892;892;892;892;892;892;892;892;892;892;1700;
884;892;892;892;892;892;892;892;892;892;892;892;892;892;892;892;892;892;892;892;
892;892;892;892;892;892;892;892;892;892;892;892;892;892;892;892;892;892;892;892;


012
                                                                         
START
                                                                         
T012;360;4496;5001;5000;5000;5000;5000;5000;5000;5000;5001;4999;5000;5000;5000;5
000;5000;5000;5000;5000;5000;5000;5000;5000;5000;5000;5000;5000;5000;5000;5001;4
999;5000;5000;5000;5000;5000;5000;5000;5000;5000;5000;5000;5000;5000;5000;5000;5
000;5000;5000;5001;4999;5000;5000;5000;5000;5000;5000;5000;5000;5000;5000;5000;5
000;5000;5000;5000;5000;5000;5000;5001;4999;5000;5000;5000;5000;5000;5000;5000;5
000;5000;5000;5000;5000;5000;5000;5000;5000;5000;5000;5001;4999;5000;5000;5000;5
000;5000;5000;5000;5000;5000;5000;5000;5000;5000;5000;5000;5000;5000;5000;5001;4
999;5000;5000;5000;5000;5000;5000;5000;5000;5000;5000;5000;5000;5000;5000;5000;5
000;5000;5000;5001;4999;5000;5000;5000;5000;5000;5000;5000;5000;5000;5000;5000;5
000;5000;5000;5000;5000;5000;5000;5001;4999;5000;5000;5000;5000;5000;5000;5000;5
000;5000;5000;5000;5000;5000;5000;5000;5000;5000;5000;5001;4999;5000;5000;5000;5
000;5000;5000;5000;5000;5000;5000;5000;5000;5000;5000;5000;5000;5000;5000;5001;4
999;5000;5000;5000;5000;5000;5000;5000;5000;5000;5000;5000;5000;5000;5000;5000;5
000;5000;5000;5001;4999;5000;5000;5000;5000;5000;5000;5000;5000;5000;5000;5000;5
000;5000;5000;5000;5000;5000;5000;5001;4999;5000;5000;5000;5000;5000;5000;5000;5
000;5000;5000;5000;5000;5000;5000;5000;5000;5000;5000;5001;4999;5000;5000;5000;5
000;                                                                            


013

START
                                                                         
T013;691;691;691;691;691;691;691;691;691;691;691;691;691;691;691;691;691;691;691
;691;691;691;691;691;691;691;691;691;691;691;691;691;691;691;691;691;691;691;691
;691;691;691;691;691;691;691;691;691;691;691;691;691;691;691;691;691;691;691;691
;691;691;691;691;691;691;691;691;691;691;691;691;691;691;691;691;691;691;691;691
;691;691;691;691;691;691;691;691;691;691;691;691;691;691;691;691;691;691;691;691
;691;691;691;691;691;691;691;691;691;691;691;691;691;691;691;691;691;691;691;691
;691;691;691;691;691;691;691;691;691;691;691;691;691;691;691;691;691;691;691;691
;691;691;691;691;691;691;691;691;691;691;691;691;691;691;691;691;691;691;691;691
;691;691;691;691;691;691;691;691;691;691;691;691;691;691;691;691;691;691;691;691
;691;691;691;691;691;691;691;691;691;691;691;691;691;691;691;691;691;691;691;691
;691;691;691;691;691;691;691;691;691;691;691;691;691;691;691;691;691;691;691;691
;691;691;691;691;691;691;691;691;691;691;691;691;691;691;691;691;691;691;691;691
;691;691;691;691;691;691;691;691;691;691;691;691;691;691;691;691;691;           


014

START
                                                                         
T014;1008;1127;1008;1063;1188;1069;0;0;0;0;0;0;0;0;0;0;0;0;0;0;0;0;0;0;0;0;0;0;0
;0;0;0;0;0;0;0;0;0;0;0;0;0;0;0;0;0;0;0;0;0;0;0;0;0;0;0;0;0;0;0;0;0;0;0;0;0;0;0;0
;0;0;0;0;0;0;0;0;0;0;0;0;0;0;0;0;0;0;0;0;0;0;0;0;0;0;0;0;0;0;0;0;0;0;0;0;0;0;0;0
;0;0;0;0;0;0;0;0;0;0;0;0;0;0;0;0;0;0;0;0;0;0;0;0;0;0;0;0;0;0;0;0;0;0;0;0;0;0;0;0
;0;0;0;0;0;0;0;0;0;0;0;0;0;0;0;0;0;0;0;0;0;0;0;0;0;0;0;0;0;0;0;0;0;0;0;0;0;0;0;0
;0;0;0;0;0;0;0;0;0;0;0;0;0;0;0;0;0;0;0;0;0;0;0;0;0;0;0;0;0;0;0;0;0;0;0;0;0;0;0;0
;0;0;0;0;0;0;0;0;0;0;0;0;0;0;0;0;0;0;0;0;0;0;0;0;0;0;0;


015

START
                                                                         
T015;1066;3893;4936;5034;5034;4936;5035;4937;5033;5034;4936;5035;5034;4936;5034;
5034;4936;5035;5034;4936;5034;5035;4936;5034;5034;4936;5034;5035;4936;5034;4936;
5034;5035;4936;5034;5034;4936;5034;5035;4936;5034;5035;4935;5035;5034;4936;5034;
5035;4935;5035;4938;5032;5035;4935;5035;5034;4936;5034;5035;4935;5035;5035;4935;
5035;5034;4936;5034;5035;4935;5035;5034;4936;5035;4935;5035;5034;4936;5034;5035;
4935;5035;5034;4936;5035;5034;4936;5034;5034;4936;5035;5034;4936;5034;4937;5034;
5034;4936;5034;5034;4936;5035;5034;4936;5034;5035;4936;5034;5034;4936;5034;5035;
4936;5034;4939;5031;5035;4936;5034;5034;4936;5035;5034;4936;5034;5035;4935;5035;
5034;4936;5034;5035;4936;5034;5035;4935;5035;4936;5034;5034;4936;5035;5034;4936;
5034;5035;4935;5035;5034;4936;5034;5035;4936;5034;5034;4936;5035;4938;5032;5034;
4936;5035;5034;4936;5034;5034;4936;5035;5034;4936;5034;5035;4936;5034;5034;4936;
5034;5035;4936;5034;4936;5034;5035;4936;5034;5034;4936;5034;5035;4936;5034;5035;
4935;5035;5034;4936;5034;5035;4935;5035;4938;5032;5035;4935;5035;5034;4936;5034;
5035;4935;5035;5035;4935;5035;5034;4936;5034;5035;4935;5035;5034;4936;5035;4935;
5035;5034;4936;5034;5035;4935;5035;5034;4936;5035;5034;4936;5034;5034;4936;5035;
5034;4936;5034;4938;5033;5034;4936;5034;5034;4936;5035;5034;4936;5034;5035;4936;
5034; 


016

START
                                                                         
T016;128;128;128;128;128;128;128;128;128;128;128;128;128;128;128;128;128;128;128
;128;128;128;128;128;128;128;227;128;128;128;128;128;128;128;128;128;128;128;128
;128;128;128;128;128;128;128;128;128;128;128;128;128;128;128;227;128;128;128;128
;128;128;128;128;128;128;128;128;128;128;128;128;128;128;128;128;128;128;128;128
;128;128;128;227;128;128;128;128;128;128;128;128;128;128;128;128;128;128;128;128
;128;128;128;128;128;128;128;128;128;128;128;227;128;128;128;128;128;128;128;128
;128;128;128;128;128;128;128;128;128;128;128;128;128;128;128;128;128;128;128;227
;128;128;128;128;128;128;128;128;128;128;128;128;128;128;128;128;128;128;128;128
;128;128;128;128;128;128;128;227;128;128;128;128;128;128;128;128;128;128;128;128
;128;128;128;128;128;128;128;128;128;128;128;128;128;128;128;227;128;128;128;128
;128;128;128;128;128;128;128;128;128;128;128;128;128;128;128;128;128;128;128;128
;128;128;128;227;128;128;128;128;128;128;128;128;128;128;128;128;128;128;128;128
;128;128;128;128;128;128;128;128;128;128;128;128;128;128;128;128;128; 


020

START
                                                                         
T020;1;2;3;4;1;3;4;2;0;0;0;0;0;0;0;0;0;0;0;0;0;0;0;0;0;0;0;0;0;0;0;0;0;0;0;0;0;0
;0;0;0;0;0;0;0;0;0;0;0;0;0;0;0;0;0;0;0;0;0;0;0;0;0;0;0;0;0;0;0;0;0;0;0;0;0;0;0;0
;0;0;0;0;0;0;0;0;0;0;0;0;0;0;0;0;0;0;0;0;0;0;0;0;0;0;0;0;0;0;0;0;0;0;0;0;0;0;0;0
;0;0;0;0;0;0;0;0;0;0;0;0;0;0;0;0;0;0;0;0;0;0;0;0;0;0;0;0;0;0;0;0;0;0;0;0;0;0;0;0
;0;0;0;0;0;0;0;0;0;0;0;0;0;0;0;0;0;0;0;0;0;0;0;0;0;0;0;0;0;0;0;0;0;0;0;0;0;0;0;0
;0;0;0;0;0;0;0;0;0;0;0;0;0;0;0;0;0;0;0;0;0;0;0;0;0;0;0;0;0;0;0;0;0;0;0;0;0;0;0;0
;0;0;0;0;0;0;0;0;0;0;0;0;0;0;0;0;0;0;


021

START
                                                                         
T021;1111;1;1;1;1;1;1;1;0;0;0;1111;1;2;3;4;5;6;7;1111;1;1;1;1;1;1;1;0;0;0;1111;1
;2;3;4;5;6;7;1111;1;1;1;1;1;1;1;0;0;0;1111;1;2;3;4;5;6;7;1111;0;0;0;0;0;0;0;0;0;
0;0;0;0;0;0;0;0;0;0;0;0;0;0;0;0;0;0;0;0;0;0;0;0;0;0;0;0;0;0;0;0;0;0;0;0;0;0;0;0;
0;0;0;0;0;0;0;0;0;0;0;0;0;0;0;0;0;0;0;0;0;0;0;0;0;0;0;0;0;0;0;0;0;0;0;0;0;0;0;0;
0;0;0;0;0;0;0;0;0;0;0;0;0;0;0;0;0;0;0;0;0;0;0;0;0;0;0;0;0;0;0;0;0;0;0;0;0;0;0;0;
0;0;0;0;0;0;0;0;0;0;0;0;0;0;0;0;0;0;0;0;0;0;0;0;0;0;0;0;0;0;0;0;0;0;0;0;0;0;0;0;
0;0;0;0;0;0;0;0;0;0;0;0;0;0;0;0;0;0;0;0;0;0;0;0;0;0;0;0;0;


022

START
                                                                         
T022;2;1;2;1;2;1;2;1;2;1;2;1;2;1;2;1;2;1;2;1;2;1;2;1;2;1;2;1;2;1;2;1;2;1;2;1;2;1
;2;1;2;1;2;1;2;1;2;1;2;1;2;1;2;1;2;1;2;1;2;1;2;1;2;1;2;1;2;1;2;1;2;1;2;1;2;1;2;1
;2;1;2;1;2;1;2;1;2;1;2;1;2;1;2;1;2;1;2;1;2;1;2;1;2;1;2;1;2;1;2;1;2;1;2;1;2;1;2;1
;2;1;2;1;2;1;2;1;2;1;2;1;2;1;2;1;2;1;2;1;2;1;2;1;2;1;2;1;2;1;2;1;2;1;2;1;2;1;2;1
;2;1;2;1;2;1;2;1;2;1;2;1;2;1;2;1;2;1;2;1;2;1;2;1;2;1;2;1;2;1;2;1;2;1;2;1;2;1;2;1
;2;1;2;1;2;1;2;1;2;1;2;1;2;1;2;1;2;1;2;1;2;1;2;1;2;1;2;1;2;1;2;1;2;1;2;1;2;1;2;1
;2;1;2;1;2;1;2;1;2;1;2;1;2;1;2;1;2;1;
